# t [s], s [cm]
0.000000000000000000e+00 6.499754193842202987e+00
2.000000000000000042e-02 6.686712803240734360e+00
4.000000000000000083e-02 5.998592390314433587e+00
5.999999999999999778e-02 5.620291410060906934e+00
8.000000000000000167e-02 5.896715368870680152e+00
1.000000000000000056e-01 5.940504719021226343e+00
1.199999999999999956e-01 5.298768170917348641e+00
1.400000000000000133e-01 5.396314595642053291e+00
1.600000000000000033e-01 5.007181814399968900e+00
1.799999999999999933e-01 4.484795309287648912e+00
2.000000000000000111e-01 4.136066353730936562e+00
2.200000000000000011e-01 3.863166641318316774e+00
2.399999999999999911e-01 3.323539625907292461e+00
2.600000000000000089e-01 3.198153701054640585e+00
2.800000000000000266e-01 2.419631532568506938e+00
2.999999999999999889e-01 1.951969173635791810e+00
3.200000000000000067e-01 1.719888430766032927e+00
3.400000000000000244e-01 1.318861062662753270e+00
3.599999999999999867e-01 9.809177176727752467e-01
3.800000000000000044e-01 5.923584400179195963e-01
4.000000000000000222e-01 2.366904921486522873e-01
4.199999999999999845e-01 -1.164062735883335115e-01
4.400000000000000022e-01 -4.447333171921261097e-01
4.600000000000000200e-01 -7.172064597681392373e-01
4.799999999999999822e-01 -1.019733801674539420e+00
5.000000000000000000e-01 -1.284464503221579346e+00
5.200000000000000178e-01 -1.535621721649302218e+00
5.400000000000000355e-01 -1.652876658249720965e+00
5.600000000000000533e-01 -1.835799462017345451e+00
5.799999999999999600e-01 -1.989377842671786967e+00
5.999999999999999778e-01 -2.028731207337002296e+00
6.199999999999999956e-01 -2.041478370899514339e+00
6.400000000000000133e-01 -2.045083689803395721e+00
6.600000000000000311e-01 -2.216657781404858696e+00
6.800000000000000488e-01 -2.121556818579898085e+00
7.000000000000000666e-01 -1.836728474902647124e+00
7.199999999999999734e-01 -1.707219188662473019e+00
7.399999999999999911e-01 -1.817238874987631592e+00
7.600000000000000089e-01 -1.605939524352020253e+00
7.800000000000000266e-01 -1.429534288966165523e+00
8.000000000000000444e-01 -1.137046303784562618e+00
8.200000000000000622e-01 -9.881066558304691938e-01
8.399999999999999689e-01 -7.366007848638489452e-01
8.599999999999999867e-01 -4.928201654697120238e-01
8.800000000000000044e-01 -2.268219711162349495e-01
9.000000000000000222e-01 5.430950740610920174e-02
9.200000000000000400e-01 3.618653678400621243e-01
9.400000000000000577e-01 6.325259035390580209e-01
9.599999999999999645e-01 8.790017354096179014e-01
9.799999999999999822e-01 1.266593137472421526e+00
1.000000000000000000e+00 1.585782863371201890e+00
1.020000000000000018e+00 1.945025049385871840e+00
1.040000000000000036e+00 1.989339311744601213e+00
1.060000000000000053e+00 2.381277265226021012e+00
1.080000000000000071e+00 2.492285748086371822e+00
1.100000000000000089e+00 2.779843875493238858e+00
1.120000000000000107e+00 3.443531415082684344e+00
1.140000000000000124e+00 3.173887286683553910e+00
1.159999999999999920e+00 3.380221464465203773e+00
1.179999999999999938e+00 3.576291505550311278e+00
1.199999999999999956e+00 3.714357025354844133e+00
1.219999999999999973e+00 4.181059903120092791e+00
1.239999999999999991e+00 3.779079371256713227e+00
1.260000000000000009e+00 3.636206167094509389e+00
1.280000000000000027e+00 3.825971108030806533e+00
1.300000000000000044e+00 4.018884689784224307e+00
1.320000000000000062e+00 3.987212995349689759e+00
1.340000000000000080e+00 4.500997165103269637e+00
1.360000000000000098e+00 3.808847053862636667e+00
1.380000000000000115e+00 4.153125079426262189e+00
1.400000000000000133e+00 3.941885925435476778e+00
1.419999999999999929e+00 3.953982237441131087e+00
1.439999999999999947e+00 3.597483804202858515e+00
1.459999999999999964e+00 3.577857191043426255e+00
1.479999999999999982e+00 3.260393768091688571e+00
1.500000000000000000e+00 3.335131986022286998e+00
1.520000000000000018e+00 3.179207572543703009e+00
1.540000000000000036e+00 2.754520361200000433e+00
1.560000000000000053e+00 2.728704513449350610e+00
1.580000000000000071e+00 2.298405997669328293e+00
1.600000000000000089e+00 2.187194804093839817e+00
1.620000000000000107e+00 1.883433032623465397e+00
1.640000000000000124e+00 1.817449719938462271e+00
1.660000000000000142e+00 1.542882876017732885e+00
1.679999999999999938e+00 1.525218395083616230e+00
1.699999999999999956e+00 1.194245160398202499e+00
1.719999999999999973e+00 1.000699388541990809e+00
1.739999999999999991e+00 8.390127531549962381e-01
1.760000000000000009e+00 6.087545685601047918e-01
1.780000000000000027e+00 4.410690135286179925e-01
1.800000000000000044e+00 2.902003627682718800e-01
1.820000000000000062e+00 1.738880466430891281e-01
1.840000000000000080e+00 4.937705550542087485e-02
1.860000000000000098e+00 -5.946265192567855296e-02
1.880000000000000115e+00 -1.432307002593219969e-01
1.900000000000000133e+00 -2.070574881843796899e-01
1.919999999999999929e+00 -2.950694180426960966e-01
1.939999999999999947e+00 -3.361173005565807892e-01
1.959999999999999964e+00 -3.305106429018363490e-01
1.979999999999999982e+00 -3.402373637633489545e-01
2.000000000000000000e+00 -3.077842850919076390e-01
2.020000000000000018e+00 -3.235015879759506885e-01
2.040000000000000036e+00 -2.739772542431351265e-01
2.060000000000000053e+00 -2.086569856991935257e-01
2.080000000000000071e+00 -1.384835259577303357e-01
2.100000000000000089e+00 -5.239573013082075847e-02
2.120000000000000107e+00 4.009349102490730732e-02
2.140000000000000124e+00 1.395529804891595393e-01
2.160000000000000142e+00 2.480715683837173835e-01
2.180000000000000160e+00 3.710991093561550325e-01
2.200000000000000178e+00 4.894463017486885836e-01
2.220000000000000195e+00 6.614215391713288428e-01
2.240000000000000213e+00 8.572049578976598250e-01
2.260000000000000231e+00 9.426433882331852754e-01
2.280000000000000249e+00 1.123610330053556705e+00
2.300000000000000266e+00 1.295474759261556974e+00
2.319999999999999840e+00 1.414548158404503653e+00
2.339999999999999858e+00 1.677702203733580699e+00
2.359999999999999876e+00 1.631541233565638960e+00
2.379999999999999893e+00 1.719699462272471058e+00
2.399999999999999911e+00 2.068365932720213518e+00
2.419999999999999929e+00 2.219609566961704861e+00
2.439999999999999947e+00 2.276429573752509317e+00
2.459999999999999964e+00 2.183655786415049427e+00
2.479999999999999982e+00 2.422752404743199417e+00
2.500000000000000000e+00 2.394285770615161013e+00
2.520000000000000018e+00 2.290073557512306568e+00
2.540000000000000036e+00 2.652099182071304462e+00
2.560000000000000053e+00 2.758600682958715744e+00
2.580000000000000071e+00 2.680419417370744295e+00
2.600000000000000089e+00 2.801970763508125906e+00
2.620000000000000107e+00 2.736195955828398585e+00
2.640000000000000124e+00 2.991486081671754782e+00
2.660000000000000142e+00 2.654835956836650634e+00
2.680000000000000160e+00 2.938756813651159927e+00
2.700000000000000178e+00 2.877922875386442758e+00
2.720000000000000195e+00 2.623488873700801083e+00
2.740000000000000213e+00 2.734289778527426940e+00
2.760000000000000231e+00 2.674933961427414797e+00
2.780000000000000249e+00 2.546668754803311341e+00
2.800000000000000266e+00 2.638704610515610227e+00
2.819999999999999840e+00 2.455264872146075916e+00
2.839999999999999858e+00 2.252023834686176507e+00
2.859999999999999876e+00 2.349258431302520655e+00
2.879999999999999893e+00 1.969389834134685602e+00
2.899999999999999911e+00 1.963631690634857430e+00
2.919999999999999929e+00 2.007332671234539401e+00
2.939999999999999947e+00 1.893550569486031510e+00
2.959999999999999964e+00 1.805350856183094654e+00
2.979999999999999982e+00 1.609246105113398828e+00
3.000000000000000000e+00 1.452150859122069981e+00
3.020000000000000018e+00 1.447087713989595903e+00
3.040000000000000036e+00 1.350985680895951280e+00
3.060000000000000053e+00 1.309949432255990365e+00
3.080000000000000071e+00 1.089930586897803311e+00
3.100000000000000089e+00 1.038398338306394386e+00
3.120000000000000107e+00 1.056514776687967672e+00
3.140000000000000124e+00 8.615580764057011454e-01
3.160000000000000142e+00 7.740314617960935006e-01
3.180000000000000160e+00 7.068895228713867329e-01
3.200000000000000178e+00 6.398614737798601348e-01
3.220000000000000195e+00 6.591080214472061494e-01
3.240000000000000213e+00 5.680528911187693319e-01
3.260000000000000231e+00 5.594707845508872790e-01
3.280000000000000249e+00 6.128715598877846338e-01
3.300000000000000266e+00 5.605516335146828455e-01
3.320000000000000284e+00 5.544772090762225547e-01
3.339999999999999858e+00 5.819003119733687779e-01
3.359999999999999876e+00 5.759564686115088428e-01
3.379999999999999893e+00 6.034704824258734224e-01
3.399999999999999911e+00 5.879732197542367755e-01
3.419999999999999929e+00 6.612138706371563091e-01
3.439999999999999947e+00 7.311786272444761314e-01
3.459999999999999964e+00 7.896106103082789485e-01
3.479999999999999982e+00 7.335639110684379904e-01
3.500000000000000000e+00 9.748050873494690238e-01
3.520000000000000018e+00 8.856023887827368934e-01
3.540000000000000036e+00 1.022974243162474872e+00
3.560000000000000053e+00 9.492322621442133013e-01
3.580000000000000071e+00 1.219537596238946531e+00
3.600000000000000089e+00 1.341655221592698455e+00
3.620000000000000107e+00 1.365465738091105052e+00
3.640000000000000124e+00 1.348653135870174991e+00
3.660000000000000142e+00 1.406284089264902448e+00
3.680000000000000160e+00 1.601939741968058772e+00
3.700000000000000178e+00 1.702826631918295197e+00
3.720000000000000195e+00 1.684962626522330087e+00
3.740000000000000213e+00 1.737740386837766104e+00
3.760000000000000231e+00 1.799566200449232767e+00
3.780000000000000249e+00 1.848856453679609713e+00
3.800000000000000266e+00 1.933506725413635330e+00
3.820000000000000284e+00 2.220988611548520897e+00
3.839999999999999858e+00 2.001809504857169131e+00
3.859999999999999876e+00 2.174792619995262744e+00
3.879999999999999893e+00 2.120874460389347682e+00
3.899999999999999911e+00 2.188774376559847301e+00
3.919999999999999929e+00 2.370564928197063548e+00
3.939999999999999947e+00 2.266055799581220054e+00
3.959999999999999964e+00 2.181690090412836902e+00
3.979999999999999982e+00 2.067623918427181628e+00
4.000000000000000000e+00 2.198338074220564042e+00
4.020000000000000462e+00 2.323621534526706611e+00
4.040000000000000036e+00 2.104863964840758328e+00
4.060000000000000497e+00 2.081461597364053784e+00
4.080000000000000071e+00 2.152623096230145805e+00
4.099999999999999645e+00 2.044294021528838989e+00
4.120000000000000107e+00 2.172766035217692071e+00
4.139999999999999680e+00 2.053494586576548375e+00
4.160000000000000142e+00 2.022921487748889025e+00
4.179999999999999716e+00 1.934838275082507053e+00
4.200000000000000178e+00 2.119604419133915396e+00
4.219999999999999751e+00 1.779151004287306437e+00
4.240000000000000213e+00 1.790219257167990685e+00
4.259999999999999787e+00 1.610192827661756976e+00
4.280000000000000249e+00 1.684414814948894223e+00
4.299999999999999822e+00 1.609618441762563856e+00
4.320000000000000284e+00 1.596257188629466972e+00
4.339999999999999858e+00 1.459885713489203596e+00
4.360000000000000320e+00 1.382214134080426371e+00
4.379999999999999893e+00 1.385004080220458400e+00
4.400000000000000355e+00 1.288965721463064096e+00
4.419999999999999929e+00 1.259914380068253292e+00
4.440000000000000391e+00 1.398256176743966073e+00
4.459999999999999964e+00 1.240236561408285532e+00
4.480000000000000426e+00 1.165245605936276574e+00
4.500000000000000000e+00 1.069178526477039481e+00
4.520000000000000462e+00 1.028646988924425854e+00
4.540000000000000036e+00 9.686120217442136804e-01
4.560000000000000497e+00 1.071923895372227209e+00
4.580000000000000071e+00 1.055571745853912669e+00
4.600000000000000533e+00 9.900741689350686103e-01
4.620000000000000107e+00 1.007496001664618834e+00
4.639999999999999680e+00 9.575042047051210981e-01
4.660000000000000142e+00 9.953428283753870121e-01
4.679999999999999716e+00 1.096579363671022378e+00
4.700000000000000178e+00 1.129213857480229732e+00
4.719999999999999751e+00 1.016458953493207140e+00
4.740000000000000213e+00 1.082759571969674095e+00
4.759999999999999787e+00 1.078028032136192360e+00
4.780000000000000249e+00 1.089201802916589745e+00
4.799999999999999822e+00 1.188010765932369317e+00
4.820000000000000284e+00 1.040497179644653825e+00
4.839999999999999858e+00 1.203262087554454407e+00
4.860000000000000320e+00 1.231695325977351096e+00
4.879999999999999893e+00 1.341459206429302276e+00
4.900000000000000355e+00 1.338167633002055323e+00
4.919999999999999929e+00 1.316882315541075377e+00
4.940000000000000391e+00 1.341626297715394545e+00
4.959999999999999964e+00 1.486007084509426424e+00
4.980000000000000426e+00 1.449524208541231429e+00
5.000000000000000000e+00 1.450683600262765216e+00
5.020000000000000462e+00 1.512969248239169007e+00
5.040000000000000036e+00 1.568803432525691433e+00
5.060000000000000497e+00 1.655944514104729315e+00
5.080000000000000071e+00 1.775058702806337374e+00
5.100000000000000533e+00 1.713961292637830924e+00
5.120000000000000107e+00 1.673684364472486141e+00
5.139999999999999680e+00 1.620559111852875267e+00
5.160000000000000142e+00 1.796327912601209942e+00
5.179999999999999716e+00 1.779309590116098461e+00
5.200000000000000178e+00 1.744678798998752667e+00
5.219999999999999751e+00 1.807857168461235453e+00
5.240000000000000213e+00 1.908618640552570023e+00
5.259999999999999787e+00 1.936028948703617969e+00
5.280000000000000249e+00 1.844038052948698381e+00
5.299999999999999822e+00 1.928842846593858962e+00
5.320000000000000284e+00 1.757249312090633842e+00
5.339999999999999858e+00 1.820842192385110581e+00
5.360000000000000320e+00 1.896152569850361402e+00
5.379999999999999893e+00 1.873663852944013941e+00
5.400000000000000355e+00 1.764923975163731118e+00
5.419999999999999929e+00 1.885445871939465778e+00
5.440000000000000391e+00 1.775097749949314574e+00
5.459999999999999964e+00 1.715829749663426940e+00
5.480000000000000426e+00 1.733947840470309920e+00
5.500000000000000000e+00 1.723329244716450104e+00
5.520000000000000462e+00 1.676229557794967739e+00
5.540000000000000036e+00 1.781646519738998125e+00
5.560000000000000497e+00 1.611864944862572591e+00
5.580000000000000071e+00 1.696270381175279063e+00
5.600000000000000533e+00 1.522962736774382542e+00
5.620000000000000107e+00 1.676485583989385963e+00
5.639999999999999680e+00 1.524985081741753845e+00
5.660000000000000142e+00 1.460955385841217424e+00
5.679999999999999716e+00 1.353154832329882762e+00
5.700000000000000178e+00 1.356324436072272155e+00
5.719999999999999751e+00 1.490437901089478823e+00
5.740000000000000213e+00 1.497151175927341482e+00
5.759999999999999787e+00 1.412080211944780839e+00
5.780000000000000249e+00 1.422929298388259989e+00
5.799999999999999822e+00 1.328866078442883181e+00
5.820000000000000284e+00 1.274044970030492108e+00
5.839999999999999858e+00 1.256519003919687405e+00
5.860000000000000320e+00 1.270875030079272605e+00
5.879999999999999893e+00 1.268394740137854138e+00
5.900000000000000355e+00 1.210800112344735613e+00
5.919999999999999929e+00 1.232151560640464272e+00
5.940000000000000391e+00 1.291520236132109645e+00
5.959999999999999964e+00 1.242498224070323287e+00
5.980000000000000426e+00 1.175103575930778188e+00
6.000000000000000000e+00 1.255189392470557941e+00
6.020000000000000462e+00 1.279382488030570864e+00
6.040000000000000036e+00 1.256296532302765279e+00
6.060000000000000497e+00 1.267963185693697481e+00
6.080000000000000071e+00 1.228934926301852970e+00
6.100000000000000533e+00 1.328454346257105012e+00
6.120000000000000107e+00 1.276382623957339035e+00
6.140000000000000568e+00 1.293907733504941149e+00
6.160000000000000142e+00 1.214301254675519637e+00
6.179999999999999716e+00 1.269525939185343955e+00
6.200000000000000178e+00 1.392992398367448148e+00
6.219999999999999751e+00 1.396537377040368400e+00
6.240000000000000213e+00 1.518677388607506007e+00
6.259999999999999787e+00 1.450623505105641975e+00
6.280000000000000249e+00 1.442083463316233383e+00
6.299999999999999822e+00 1.499736262932367836e+00
6.320000000000000284e+00 1.488363411192329400e+00
6.339999999999999858e+00 1.556913716248815804e+00
6.360000000000000320e+00 1.557620693896134334e+00
6.379999999999999893e+00 1.425886718601071523e+00
6.400000000000000355e+00 1.521374434801700204e+00
6.419999999999999929e+00 1.635005174226179969e+00
6.440000000000000391e+00 1.528979141043004697e+00
6.459999999999999964e+00 1.729955674392516851e+00
6.480000000000000426e+00 1.676930098722475559e+00
6.500000000000000000e+00 1.582715815285600236e+00
6.520000000000000462e+00 1.621110703709410572e+00
6.540000000000000036e+00 1.668053785495849040e+00
6.560000000000000497e+00 1.666448837036097919e+00
6.580000000000000071e+00 1.773822936337519973e+00
6.600000000000000533e+00 1.570266811379949168e+00
6.620000000000000107e+00 1.687929495031118776e+00
6.640000000000000568e+00 1.675527626536543524e+00
6.660000000000000142e+00 1.620547570999001596e+00
6.679999999999999716e+00 1.541615557367661982e+00
6.700000000000000178e+00 1.672556728807066184e+00
6.719999999999999751e+00 1.590006883451868802e+00
6.740000000000000213e+00 1.778091110041017053e+00
6.759999999999999787e+00 1.485729622798996008e+00
6.780000000000000249e+00 1.714645175993009918e+00
6.799999999999999822e+00 1.748391913442040924e+00
6.820000000000000284e+00 1.670990532781130966e+00
6.839999999999999858e+00 1.545902833310831115e+00
6.860000000000000320e+00 1.584320339364651442e+00
6.879999999999999893e+00 1.505415475564881644e+00
6.900000000000000355e+00 1.631981192050669716e+00
6.919999999999999929e+00 1.750114528427353600e+00
6.940000000000000391e+00 1.451633891695780498e+00
6.959999999999999964e+00 1.583924523814264518e+00
6.980000000000000426e+00 1.650219597151896256e+00
7.000000000000000000e+00 1.504429902057860868e+00
7.020000000000000462e+00 1.481380573631918773e+00
7.040000000000000036e+00 1.555865555665028044e+00
7.060000000000000497e+00 1.359788831392368058e+00
7.080000000000000071e+00 1.340133486663980689e+00
7.100000000000000533e+00 1.414641942195812740e+00
7.120000000000000107e+00 1.288550289564829976e+00
7.140000000000000568e+00 1.345523477563446146e+00
7.160000000000000142e+00 1.429591905215687131e+00
7.179999999999999716e+00 1.291623268835310423e+00
7.200000000000000178e+00 1.342834252248413129e+00
7.219999999999999751e+00 1.431195195463964120e+00
7.240000000000000213e+00 1.375025336105721196e+00
7.259999999999999787e+00 1.355869312413967354e+00
7.280000000000000249e+00 1.370916151064527799e+00
7.299999999999999822e+00 1.344608611938930443e+00
7.320000000000000284e+00 1.437167706342139084e+00
7.339999999999999858e+00 1.342302991952748936e+00
7.360000000000000320e+00 1.367212748431088531e+00
7.379999999999999893e+00 1.407288433582218001e+00
7.400000000000000355e+00 1.420407212571983324e+00
7.419999999999999929e+00 1.387224149009745222e+00
7.440000000000000391e+00 1.388281083787921810e+00
7.459999999999999964e+00 1.336838396682265451e+00
7.480000000000000426e+00 1.395114637367418142e+00
7.500000000000000000e+00 1.357004092799959372e+00
7.520000000000000462e+00 1.432208233354727245e+00
7.540000000000000036e+00 1.437741639287314355e+00
7.560000000000000497e+00 1.453777761840816751e+00
7.580000000000000071e+00 1.522702088974958068e+00
7.600000000000000533e+00 1.430138576305314491e+00
7.620000000000000107e+00 1.458877973379247850e+00
7.640000000000000568e+00 1.575771866585484737e+00
7.660000000000000142e+00 1.526169905311325570e+00
7.679999999999999716e+00 1.453095004743530705e+00
7.700000000000000178e+00 1.544582356593215300e+00
7.719999999999999751e+00 1.405504498153852477e+00
7.740000000000000213e+00 1.531748965721179800e+00
7.759999999999999787e+00 1.690932523658158937e+00
7.780000000000000249e+00 1.611618336039963184e+00
7.799999999999999822e+00 1.634434134088423418e+00
7.820000000000000284e+00 1.573156099383271389e+00
7.839999999999999858e+00 1.526819418114234939e+00
7.860000000000000320e+00 1.498002469190707453e+00
7.879999999999999893e+00 1.611035958396701107e+00
7.900000000000000355e+00 1.638677405916195706e+00
7.919999999999999929e+00 1.570777490677797816e+00
7.940000000000000391e+00 1.414229386313315961e+00
7.959999999999999964e+00 1.619416323521212453e+00
7.980000000000000426e+00 1.542817311082731235e+00
8.000000000000000000e+00 1.560141513336348096e+00
8.019999999999999574e+00 1.565791066308820811e+00
8.040000000000000924e+00 1.595801996043594295e+00
8.060000000000000497e+00 1.424705006780606853e+00
8.080000000000000071e+00 1.579903071218703436e+00
8.099999999999999645e+00 1.558848364070541503e+00
8.120000000000000995e+00 1.639319595760036830e+00
8.140000000000000568e+00 1.656359813197598285e+00
8.160000000000000142e+00 1.630894160734781106e+00
8.179999999999999716e+00 1.587434059166139555e+00
8.199999999999999289e+00 1.539815477278906553e+00
8.220000000000000639e+00 1.478667946145292955e+00
8.240000000000000213e+00 1.378301709870031644e+00
8.259999999999999787e+00 1.444046161178747179e+00
8.279999999999999361e+00 1.511545475140695594e+00
8.300000000000000711e+00 1.632931441836279696e+00
8.320000000000000284e+00 1.413854738841372249e+00
8.339999999999999858e+00 1.537687737551412415e+00
8.359999999999999432e+00 1.506601972925938115e+00
8.380000000000000782e+00 1.533429967764384561e+00
8.400000000000000355e+00 1.421784586414574836e+00
8.419999999999999929e+00 1.479193617537240213e+00
8.439999999999999503e+00 1.529019457767998746e+00
8.460000000000000853e+00 1.471481965527608127e+00
8.480000000000000426e+00 1.441570729038618826e+00
8.500000000000000000e+00 1.524835639419651612e+00
8.519999999999999574e+00 1.510429046952889820e+00
8.540000000000000924e+00 1.517943816060566276e+00
8.560000000000000497e+00 1.423358231360371207e+00
8.580000000000000071e+00 1.407282826326593961e+00
8.599999999999999645e+00 1.539313485428716044e+00
8.620000000000000995e+00 1.324614469947922535e+00
8.640000000000000568e+00 1.490136444634557966e+00
8.660000000000000142e+00 1.340934269862183337e+00
8.679999999999999716e+00 1.463290349021602710e+00
8.700000000000001066e+00 1.501024689817138880e+00
8.720000000000000639e+00 1.443681474260345876e+00
8.740000000000000213e+00 1.333141967795010485e+00
8.759999999999999787e+00 1.387546065881815061e+00
8.779999999999999361e+00 1.497227080189482695e+00
8.800000000000000711e+00 1.475854967063815915e+00
8.820000000000000284e+00 1.299417185591514867e+00
8.839999999999999858e+00 1.428143447167764313e+00
8.859999999999999432e+00 1.401171043901279445e+00
8.880000000000000782e+00 1.397051954196113055e+00
8.900000000000000355e+00 1.499932125422255957e+00
8.919999999999999929e+00 1.521817375683043982e+00
8.939999999999999503e+00 1.449713890282823714e+00
8.960000000000000853e+00 1.416591970461153593e+00
8.980000000000000426e+00 1.545896521964980508e+00
9.000000000000000000e+00 1.521366591043447736e+00
9.019999999999999574e+00 1.517613174641831097e+00
9.040000000000000924e+00 1.447874408531360180e+00
9.060000000000000497e+00 1.595311632896730503e+00
9.080000000000000071e+00 1.589665684436291748e+00
9.099999999999999645e+00 1.476451943299570413e+00
9.120000000000000995e+00 1.513896784576933108e+00
9.140000000000000568e+00 1.473662921151476235e+00
9.160000000000000142e+00 1.500310975464759000e+00
9.179999999999999716e+00 1.580436995182534554e+00
9.200000000000001066e+00 1.642687903267018745e+00
9.220000000000000639e+00 1.491733813306923118e+00
9.240000000000000213e+00 1.462476613343748122e+00
9.259999999999999787e+00 1.510217501698999154e+00
9.279999999999999361e+00 1.484860651684575039e+00
9.300000000000000711e+00 1.491878221154640860e+00
9.320000000000000284e+00 1.475953696077982658e+00
9.339999999999999858e+00 1.643419687282092312e+00
9.359999999999999432e+00 1.536623446593467168e+00
9.380000000000000782e+00 1.516277451375610319e+00
9.400000000000000355e+00 1.552145115984518542e+00
9.419999999999999929e+00 1.494571597016753906e+00
9.439999999999999503e+00 1.586529959562639203e+00
9.460000000000000853e+00 1.577926575349686278e+00
9.480000000000000426e+00 1.524280124374741252e+00
9.500000000000000000e+00 1.555345362672942766e+00
9.519999999999999574e+00 1.533256705516209850e+00
9.540000000000000924e+00 1.521368382492939153e+00
9.560000000000000497e+00 1.545622583063791522e+00
9.580000000000000071e+00 1.523375822116631584e+00
9.599999999999999645e+00 1.559782077685878843e+00
9.620000000000000995e+00 1.543553269909245129e+00
9.640000000000000568e+00 1.435739694939867972e+00
9.660000000000000142e+00 1.536514299180195664e+00
9.679999999999999716e+00 1.500571045473024334e+00
9.700000000000001066e+00 1.424035483277143355e+00
9.720000000000000639e+00 1.390670715358075293e+00
9.740000000000000213e+00 1.531551204035806579e+00
9.759999999999999787e+00 1.474129524479145914e+00
9.779999999999999361e+00 1.499290793937159583e+00
9.800000000000000711e+00 1.512481609374047631e+00
9.820000000000000284e+00 1.388464554076621615e+00
9.839999999999999858e+00 1.526100525015444465e+00
9.859999999999999432e+00 1.524738890703382088e+00
9.880000000000000782e+00 1.438346282453796254e+00
9.900000000000000355e+00 1.544059210745624133e+00
9.919999999999999929e+00 1.446343417864500269e+00
9.939999999999999503e+00 1.457442244830488676e+00
9.960000000000000853e+00 1.351030344033344655e+00
9.980000000000000426e+00 1.344261105182614102e+00
1.000000000000000000e+01 1.520403776965484122e+00
