# t [s], i [A], u [V]
0.000000000000000000e+00 1.183080281049723759e-04 5.000118308028104863e+00
2.020202020202020200e-04 7.241858180401961921e-03 5.000815534828389808e+00
4.040404040404040401e-04 1.205300447481783346e-02 4.999778524616337982e+00
6.060606060606060601e-04 1.715739215730877065e-02 4.999560905818493772e+00
8.080808080808080801e-04 2.347376263759695311e-02 5.001034082901784750e+00
1.010101010101010100e-03 2.554709474222432997e-02 4.998699956584971460e+00
1.212121212121212120e-03 3.130175502622022099e-02 5.000443690989200718e+00
1.414141414141414140e-03 3.382249075507030855e-02 4.999314357931304187e+00
1.616161616161616160e-03 3.907551782219400444e-02 5.001245707523612083e+00
1.818181818181818180e-03 4.122439202022171179e-02 5.000371750676162463e+00
2.020202020202020200e-03 4.489312018993379949e-02 5.001289607456712361e+00
2.222222222222222220e-03 4.504464319645463954e-02 4.998937750920722678e+00
2.424242424242424240e-03 4.758160509492099371e-02 4.999196558646461064e+00
2.626262626262626260e-03 5.056884373895233209e-02 5.000110605292799271e+00
2.828282828282828280e-03 5.243960138385298647e-02 5.000094692970078469e+00
3.030303030303030300e-03 5.290706900716285466e-02 4.998845231543553425e+00
3.232323232323232320e-03 5.385713051636607795e-02 4.998232833580375178e+00
3.434343434343434340e-03 5.444259750549069327e-02 4.997396413274234561e+00
3.636363636363636360e-03 5.900264487770574134e-02 5.000662498456596161e+00
3.838383838383838381e-03 5.821975892216560422e-02 4.998702066183325243e+00
4.040404040404040401e-03 6.037132502103168680e-02 4.999782028072055517e+00
4.242424242424241987e-03 6.210661357479714539e-02 5.000542123067922340e+00
4.444444444444444441e-03 6.209727515270040132e-02 4.999645327815800400e+00
4.646464646464646894e-03 6.312247783525060107e-02 4.999862916852034544e+00
4.848484848484848481e-03 6.345399772922391546e-02 4.999459482909778707e+00
5.050505050505050067e-03 6.618215120943210517e-02 5.001518805267763490e+00
5.252525252525252521e-03 6.589955326634695798e-02 5.000627549953284401e+00
5.454545454545454974e-03 6.656148741651185530e-02 5.000735586739163629e+00
5.656565656565656561e-03 6.744519017024996899e-02 5.001115225458550917e+00
5.858585858585858147e-03 6.746144794502698105e-02 5.000672769097625370e+00
6.060606060606060601e-03 6.927375220582956961e-02 5.002067629057794562e+00
6.262626262626263055e-03 6.848821894127825327e-02 5.000902208341413413e+00
6.464646464646464641e-03 6.807290064725345091e-02 5.000141180509998229e+00
6.666666666666666227e-03 6.757664249890157904e-02 4.999330315802079205e+00
6.868686868686868681e-03 6.750396764684454820e-02 4.998971339079181675e+00
7.070707070707071135e-03 6.848719290155209916e-02 4.999694020620625068e+00
7.272727272727272721e-03 7.014562344349871414e-02 5.001115348183390985e+00
7.474747474747474307e-03 6.917086690127770277e-02 4.999924820467755104e+00
7.676767676767676761e-03 6.852253944756805937e-02 4.999080134455257785e+00
7.878787878787879215e-03 6.871788037330030241e-02 4.999096782912484827e+00
8.080808080808080801e-03 6.825765072919133536e-02 4.998473937498036257e+00
8.282828282828282387e-03 7.083894442049247508e-02 5.000907245720309646e+00
8.484848484848483974e-03 6.853387023115573018e-02 4.998467500096601235e+00
8.686868686868687295e-03 6.999378851233103993e-02 4.999804863133974209e+00
8.888888888888888881e-03 7.119560522760691457e-02 5.000895150720199744e+00
9.090909090909090468e-03 6.963033529209154693e-02 4.999228385767084504e+00
9.292929292929293789e-03 7.047722322124061467e-02 4.999982910035857486e+00
9.494949494949495375e-03 7.126576215784766188e-02 5.000687395134554514e+00
9.696969696969696961e-03 6.968819384762761637e-02 4.999033335186403804e+00
9.898989898989898548e-03 7.028084760808370191e-02 4.999556379148915930e+00
1.010101010101010013e-02 7.007907386583411835e-02 4.999291258299703777e+00
1.030303030303030346e-02 7.221376044192566457e-02 5.001368297014730402e+00
1.050505050505050504e-02 7.175433482157750342e-02 5.000856410026458754e+00
1.070707070707070663e-02 7.183435052884717953e-02 5.000888684237796866e+00
1.090909090909090995e-02 7.202015115325384464e-02 5.001031038598335421e+00
1.111111111111111154e-02 6.917608388635136663e-02 4.998147433863924682e+00
1.131313131313131312e-02 7.150068947784365969e-02 5.000436059115618725e+00
1.151515151515151471e-02 7.061315686483841947e-02 4.999515783260985557e+00
1.171717171717171629e-02 7.134428356743928445e-02 5.000217112583174917e+00
1.191919191919191962e-02 7.143319545004944704e-02 5.000278907911795301e+00
1.212121212121212120e-02 7.086869330049416771e-02 4.999689728844668224e+00
1.232323232323232279e-02 7.116632582663645623e-02 4.999964904599161208e+00
1.252525252525252611e-02 6.980172975271026203e-02 4.998579872156251547e+00
1.272727272727272770e-02 6.956338581561136158e-02 4.998322930480181725e+00
1.292929292929292928e-02 7.207740708540144592e-02 5.000820027222180109e+00
1.313131313131313087e-02 7.092079948108491461e-02 4.999648017764906527e+00
1.333333333333333245e-02 7.224886719577031102e-02 5.000962069308656943e+00
1.353535353535353578e-02 7.150044191030531515e-02 5.000200888866509707e+00
1.373737373737373736e-02 7.238865916905895537e-02 5.001077498531238952e+00
1.393939393939393895e-02 7.137422441116905714e-02 5.000052500497459640e+00
1.414141414141414227e-02 7.341071801198663371e-02 5.002079381184758589e+00
1.434343434343434386e-02 7.100330130906752635e-02 4.999663216427990164e+00
1.454545454545454544e-02 7.057958575904980936e-02 4.999231539873641772e+00
1.474747474747474703e-02 7.160170929911535698e-02 5.000246418649208380e+00
1.494949494949494861e-02 7.350747331926926753e-02 5.002145589705653705e+00
1.515151515151515194e-02 7.109337889219868867e-02 4.999725495474107717e+00
1.535353535353535352e-02 7.080506745088686882e-02 4.999431724021890844e+00
1.555555555555555511e-02 7.446069416887982073e-02 5.003082381958116720e+00
1.575757575757575843e-02 7.216229264354452611e-02 5.000779458684990963e+00
1.595959595959595828e-02 7.034063629044881583e-02 4.998953687399092516e+00
1.616161616161616160e-02 7.390890241829918550e-02 5.002518208808582223e+00
1.636363636363636492e-02 7.041283408916597375e-02 4.999018732667883214e+00
1.656565656565656477e-02 7.160028336926169135e-02 5.000203080732200434e+00
1.676767676767676810e-02 7.200782107586145564e-02 5.000607796234835867e+00
1.696969696969696795e-02 7.174948675746734006e-02 5.000346893622011457e+00
1.717171717171717127e-02 7.052777792092279618e-02 4.999122847556703775e+00
1.737373737373737459e-02 7.258456543090963109e-02 5.001177508114955650e+00
1.757575757575757444e-02 7.070086486952618932e-02 4.999291871960552136e+00
1.777777777777777776e-02 7.042875484996954927e-02 4.999018000490427660e+00
1.797979797979798108e-02 7.178255029475713589e-02 5.000370192959760374e+00
1.818181818181818094e-02 7.219515338909951452e-02 5.000781337295988394e+00
1.838383838383838426e-02 7.195300217096221862e-02 5.000537858562055682e+00
1.858585858585858758e-02 7.213156909534765293e-02 5.000715217405285351e+00
1.878787878787878743e-02 7.137564303753630990e-02 4.999958191955601094e+00
1.898989898989899075e-02 7.344993427978030454e-02 5.002031482716639665e+00
1.919191919191919060e-02 7.173068397209871050e-02 5.000311321939572728e+00
1.939393939393939392e-02 7.103661230756415368e-02 4.999616421719241366e+00
1.959595959595959724e-02 7.090099708105568332e-02 4.999480052480882009e+00
1.979797979797979710e-02 7.113831672207669710e-02 4.999716685947386274e+00
2.000000000000000042e-02 7.083589473783212520e-02 4.999413639522736652e+00
